999999999999999999999999999999999999999999999999999999999999999999999999999999999999999999999999999999
932356789765432345691098998754569876763876799998789532349876568954579987432123478921239999129876324899
921248999899321456989987899943298765452355678997689953498985467893469876544236567893398898999865416789
910125678978987567979876789892129854321034589876567894567894356912359987756349878979987767987754305679
923434899567899879767988995789012996545125789985458995678943268904498998968458989458996559876543213789
934556976456789998756799654678923989993234567896567989989520189215987999878967892357895443987654354599
945897894325679877645976543586794978789545789969879879995434594336976898999878921234987321298796465899
956789943214569765439895432365689867698959896545998767897655695559875787789999890149876532349987896789
967898754323498976598789431234598754587899965432987656789876789768994345690198789259987543456798987899
978949876545997987987689320125987663456789976921998545678987899879989239789987678998999874567899898999
999932987659876899889578991296799532378999899899876234567898986989878998999987567987898965888998789679
989891098767965699778456789989987671299498769797985445878999545698767867999875469896567996799998654569
976789129879654987654345678978996432989399657656796567989987689987651258999976398765456789965987543219
965678945998763298965458789769876549878989543545987878999998791296540147689985498654345689954398632109
954567896789975479896567894545987679767679761234598989767999890986431234567899987543234567895219949219
943479987999876569789678943237898797656568910125679997657898999876543547999998765432123689965429898999
932989498989987998678999654346789986543467891234589986545767892989664556789359876543456799877598787889
949895349878999876567898797657999987432356792545698765434456790198787667891245987756567999998987656679
998789212569998765468999898789878798651237893656789895212346954349898998930123499878788989899876545459
999678923459876554349899999898765659862398954787899984323456965499999899321234578989999476789989432349
987567934967965423234789998987854549876459965898939876434567896989998789439345789999864345678999321239
943457899899876410145678967976853234986567896999123976545679999878998679998956895987653234569978210129
932346998798765321234799659865432123499878998989014698956891098769876567897897914598532123498765431569
901345899659987432345695345986553045589989109678934569767899999654965443456789923986541012569976432459
912345678945698543756789767897664123678993212567895699878967898969864322345699899876532123979876563569
925476789234569756769899979998965678989964323456796789989356987898765310237898779997653239899989754579
934587892126898769892999891239878789799875939587989898991239876789876322349897657898764398798998765689
955698963456789878921098789946989897679989898999978987892398995689985443456789545679999497687999876799
967899654567899989434987677898996945458998787899867876793987984578997654598995434567987986566899989899
989929867678989698949893456999865432367897656998756565689976563567898765679892123789996595435678999929
999012998789876567898752345999976546979998739876543434597895432358999896789789345679989432125789239019
978999889898765456789841236789397657898765421988432123456789101245899987895678959798764321014589398929
967987679987832345698732345692198968999654310976521012348893212346789998934599767899879432423578987899
979876577896561236987646756789099879398785921989632134556954323489898769323479978956998943434567896789
998765466789432349998787867896989989219899899999843235677895435678987654212867899345987896587678934679
999654365678945498989898978965678999939987678998765445688976545789199769823456901299876789698789123459
998943254767896987878989999654567899898976567919876756899998799891029898764567893987765798999894234569
987632123459987896567978976542399999767987456909987867898999989962123999887678919876544567799976789679
976543234667898996456856797931988987656796599898798978967899878954754989998989103997432345689987898789
988764345788999989214349989899876799545497988787649989456989767967869879899795212494321234567898929899
999875456999989878901298976789765678932349876543534599369878959898998968789654345985432345878999210949
910997867899978767892987865678977899646458989832323458998767648789987957698965456976543556999999921239
921998998998967656789995434989998998757767898721012367899657437678965434567896768987684567899989899349
939879899987654345678954323456999129869898996543123456798742324569654323456789879998995678999876798959
998763789876543234569895410169899939978939987654595697976621012478943212345699989999996989198765677899
987654598765432123456789523456798898989129998775686789895432123489732101234598999899987899098654346979
998965679976541014567897634567987687899098999896797899789653434597654212345987689789998978989543234569
939876789987832165988998745679876545678997699987898988698976547899875323459876597678939567978954123459
921987896598544276899769856789954534789998789198999876567987656789987434569767454578910459765891019569
910198943459678387987656967899843222467899894349899987456899778999876545798754323456791349896789998979
921299432598785458976549878998765101356789987656789865345678989459987756899765436789892456987899897899
934988991989896569765434989987654212345699998787891986457789994398999767899897745678998767899998776769
999877889876987678976623498998965443467897899898910998768897895987899978987987656799439898999987645659
989765478965498789997434567899876754878956797979929879899976789876789899985499787899521999789995436349
979874367894329899876545899923987895989345896567899765999865698765698789876345998978932987679974321239
967985456976534989987656789909998976795456789346999543498754987654987678965459879567899876598765410129
955696587898945678998787997898979987986967991297898975987643498543234589976598765456789984349897521239
934987679999656789459898956997665699999898942989987899875432129762123567899989876767991293234998432349
923498795698767892349979645789573469887789959876886789996743097653012357898976989878999974345689743659
912349894359898921998754536895412398795697898765765678987643129432133768987675393989998765678997654869
901458953234999539876543127954324987654896789654354569999854298945245679997543212398999876789698765979
922567892129898798765432019766439876543445678943243458998769987896347896987652101567999987899439876789
934578941098769899878593498976569964322534567992102367899898976789457975498743212345678999998999987899
975689432987657999989989987997878976410123456789212349998967895678969654349899395456899498767889998999
986789543699346789998976876789989998322436587897623498967656894567898766298978989568932359654579999999
998898764598957999997654585678999989543545678999434987756745789678999978987667578979321012943567899989
929999875987898999876543234578999878954656789998999876543237898789987989876546467989439129892456799879
919899989976789899875432123467898967898787899897689997654547899999976695975434347897998998789687987669
999789999865696789986543436778987856989898998776578989865656789999765434965323235976987989678999998549
988678987654745678987676545789986745678999987654345878978789899898989329894210149765976776579998789759
976565698763435699998987676897765434567896798795234567899899998797898919789934298979895565476899699899
965474349872123458999998787976543123679965679976123467895998999656567897679895987898764432345678987959
954321299983234567897859898965432014989234898763244578934567896543456986546789876986543210157989976549
973210989999745678976745999876544323493145679654356789329698987692969875635678975499765721234567895439
954329878987656789765536789988655434589096899766456796598999998989899954324567894329876542345698996549
976498765499899898654423456799767545678989909878767897987899999876789863215688976434987653658789789859
989987654301999987543212569899878666789878912989878998986987898765698543109789987567898764769897679769
999876543212489999875323478999989789898767894599989239995696569654987654239899898678999895889954568979
932987654423578975986754569998999898967656789998792126796789498543498765345998789899899976789853457899
941098776754567894599865878997889987656347899897654245987897997654569885456797674956789987898732767899
952989887867678943679878989976979896543256999789968769698976789765679976578896543235678998987621778999
969876998878789854990989998765864789994387987678899898539345699896989987689997670156789769996545679779
979965679989898769891397989654323678789498998487799987621234931949898798799998995245693459999656789569
998754567899919898789456976543314565678999954375678996434347890129787679899899984346799998898767895459
939843456789101988678969899632101234589998765234589987556456789997678568999789876787987887689898976329
912964567893219974579979798945232365699965432125689798778767999876533456789699989899896784568969997439
939895878984598763467898687897543476789879543236789659899878946995421267894589998998765432678959896549
998789999965987542656977546999654987895998754345678943959989133986532348923478987579954321267898789659
987678987899876621549865436598767898943239875656789432148799012987643458912767895498765742356789698979
986567976789965430129654323489978989656345989867894321023678929898654567893456789329978653487895567989
965456895898987843298765415578899679967896797978995432234569998798768699954577993210998767898943467899
954321234976598958398654323456789598898987976989986743345678965679878789765698999329899878999212569999
965632349876439767498775654567895456789998965490197754768789234567989899878789798939785989789323498989
978545998655323979569889876678967345678999754321298965878892127698996901989894587898674395698999987679
989659876543212989678999987789543234799898765435999878989921012789435919896932456987545234987888976569
998769987654343498799989998996552123456789876559899989996532345689329898765621349876432129896977896439
999878998765456569895878999765421034567891987798789999987653567895499799894310239876541098785766799329
998989439998567678954567899896532145678910198897678999799764878999987689995451245985432987654345678939
997694323497678789743678953976543234567893269987523987659875999598976565986572349876549986543234789549
987543212398799998654589432397654645678954459876312598543989101457895434987653456987698765432123567999
996532101239894398767894321298968756899765567965323498764593212348954323498774567898789876431012346789
999999999999999999999999999999999999999999999999999999999999999999999999999999999999999999999999999999